0101000111110011000100101101101111101011001101100101001001011000
0101000111110011000100101101101111101011001101100101001001011000
0010111100000110011101011100010010111000100100111011010110100011
1111111011110010000001010111000110000010110010110101100110001000
0100101011001011011010100010000110011001000100000000011000000001
1101100011001001010010101101000001101001101000101110111100010001
0110001101011001100000011010100001111000000101000111000101011110
1110111101010000000101001110000100001010111101100110010110101000
1110001010011111111101101100101000001000110111001100000110011110
1000001000110100110000011101101000000111100011010110111101100010
